4 0.121606 0.099115 0.040142 0.056637
4 0.213695 0.099115 0.033058 0.038938
4 0.322314 0.122124 0.021251 0.028319
4 0.422668 0.135398 0.033058 0.030088
3 0.216647 0.084956 0.036600 0.024779
3 0.421488 0.121239 0.040142 0.033628
1 0.214876 0.087611 0.056671 0.097345
1 0.425030 0.120354 0.047226 0.084956
2 0.171783 0.173451 0.074380 0.070796
2 0.208973 0.196460 0.047226 0.053097
2 0.221370 0.230088 0.038961 0.056637
0 0.092680 0.160177 0.185360 0.320354
0 0.215466 0.176991 0.097993 0.283186
0 0.345336 0.178761 0.234947 0.283186
0 0.433294 0.145133 0.059032 0.145133