1 0.191667 0.251587 0.120000 0.220635
1 0.431667 0.210317 0.126667 0.226984
4 0.202500 0.268254 0.105000 0.123810
4 0.437917 0.228571 0.092500 0.101587
4 0.761667 0.348413 0.071667 0.144444
4 0.745833 0.149206 0.046667 0.066667
2 0.634583 0.627778 0.070833 0.268254
2 0.683333 0.873016 0.083333 0.193651
2 0.951667 0.700000 0.040000 0.276190
2 0.324583 0.915873 0.087500 0.139683
2 0.054583 0.903175 0.070833 0.193651
0 0.172083 0.530952 0.310833 0.922222
0 0.450000 0.507937 0.286667 0.984127
0 0.821250 0.523810 0.330833 0.949206