4 0.238525 0.255645 0.051270 0.074194
4 0.304688 0.322984 0.039062 0.068548
4 0.376953 0.368548 0.034180 0.054839
4 0.420410 0.408871 0.020508 0.040323
4 0.482178 0.412500 0.022949 0.033065
4 0.528320 0.537903 0.040039 0.038710
4 0.535889 0.420161 0.027832 0.037097
4 0.586182 0.420161 0.025879 0.037097
4 0.615967 0.416935 0.020996 0.037097
4 0.658936 0.380242 0.031738 0.057258
4 0.721680 0.270161 0.039062 0.067742
4 0.771240 0.172984 0.052246 0.099194
2 0.517822 0.622177 0.027832 0.066935
2 0.541748 0.725806 0.022949 0.053226
2 0.943359 0.674194 0.081055 0.196774
2 0.701416 0.422177 0.038574 0.113710
2 0.456055 0.478629 0.047852 0.076613
2 0.310303 0.475806 0.037598 0.104839
2 0.122559 0.723790 0.075195 0.108871
2 0.307861 0.475000 0.029785 0.104839
2 0.337402 0.462097 0.039062 0.096774
2 0.390625 0.497177 0.026367 0.071774
2 0.449951 0.498790 0.038574 0.052419
2 0.468262 0.469355 0.022461 0.062903
2 0.584473 0.502419 0.026367 0.074194
2 0.616699 0.517339 0.019531 0.068548
2 0.555176 0.466129 0.015625 0.029032
2 0.520752 0.464919 0.025879 0.044355
0 0.857910 0.522984 0.284180 0.936290
0 0.150146 0.564516 0.273926 0.870968
0 0.285889 0.610887 0.115723 0.778226
0 0.371094 0.637097 0.069336 0.711290
0 0.418457 0.606048 0.045898 0.586290
0 0.470703 0.616935 0.069336 0.532258
0 0.577148 0.632661 0.042969 0.544355
0 0.614014 0.638710 0.048340 0.574194
0 0.669678 0.640726 0.072754 0.675000
0 0.745117 0.595968 0.113281 0.808065