4 0.222000 0.209145 0.048000 0.076462
4 0.459500 0.254873 0.075000 0.032984
4 0.558500 0.227886 0.075000 0.101949
4 0.838000 0.238381 0.086000 0.080960
2 0.155500 0.519490 0.051000 0.082459
2 0.319500 0.530735 0.085000 0.128936
2 0.620000 0.580960 0.056000 0.106447
2 0.484500 0.598201 0.081000 0.146927
2 0.772500 0.513493 0.087000 0.109445
2 0.907000 0.506747 0.048000 0.080960
0 0.253000 0.508246 0.220000 0.839580
0 0.443000 0.399550 0.162000 0.643178
0 0.552000 0.546477 0.210000 0.907046
0 0.854500 0.487256 0.207000 0.824588