4 0.200417 0.262778 0.050833 0.067778
4 0.582083 0.341667 0.040833 0.052222
4 0.680000 0.356111 0.048333 0.047778
4 0.807500 0.301111 0.041667 0.048889
2 0.116250 0.614444 0.039167 0.102222
2 0.310417 0.610556 0.027500 0.087778
2 0.512917 0.641667 0.029167 0.067778
2 0.686250 0.642778 0.034167 0.056667
2 0.730417 0.629444 0.030833 0.081111
2 0.878333 0.632778 0.036667 0.052222
4 0.491250 0.399444 0.039167 0.038889
0 0.211667 0.573889 0.226667 0.843333
0 0.590833 0.611111 0.203333 0.726667
0 0.688333 0.374444 0.100000 0.217778
0 0.811250 0.587222 0.197500 0.758889