1 0.764500 0.435613 0.116000 0.341918
1 0.379500 0.183393 0.086000 0.155417
1 0.234750 0.146092 0.056500 0.091474
1 0.146500 0.574156 0.129000 0.134103
4 0.381500 0.203375 0.050000 0.060391
4 0.235000 0.151865 0.040000 0.035524
4 0.158750 0.611901 0.089500 0.047957
2 0.638000 0.742451 0.183000 0.181172
2 0.357750 0.506661 0.050500 0.077265
2 0.443500 0.439609 0.050000 0.099467
2 0.296500 0.269982 0.049000 0.060391
2 0.236000 0.424067 0.046000 0.064831
0 0.171000 0.650089 0.208000 0.552398
0 0.253500 0.313055 0.135000 0.539076
0 0.387000 0.411634 0.161000 0.650977
0 0.843000 0.532416 0.314000 0.711368