4 0.692982 0.365149 0.040936 0.040280
4 0.871345 0.400175 0.044444 0.061296
4 0.518713 0.310858 0.038596 0.057793
3 0.694152 0.339755 0.047953 0.024518
3 0.861404 0.364273 0.047953 0.028021
3 0.514035 0.272329 0.047953 0.033275
3 0.412865 0.338004 0.046784 0.035026
2 0.150292 0.832750 0.083041 0.134851
2 0.168421 0.732925 0.060819 0.127846
2 0.527485 0.579685 0.049123 0.101576
2 0.576023 0.500000 0.050292 0.054291
2 0.694152 0.495622 0.064327 0.042032
2 0.746784 0.488616 0.033918 0.059545
2 0.923977 0.802977 0.037427 0.162872
0 0.073099 0.564799 0.146199 0.866900
0 0.236257 0.605954 0.205848 0.777583
0 0.379532 0.593695 0.129825 0.665499
0 0.515789 0.577933 0.128655 0.718039
0 0.684211 0.567426 0.130994 0.567426
0 0.875439 0.639229 0.169591 0.721541
0 0.970760 0.626970 0.058480 0.665499