4 0.460000 0.303333 0.031111 0.055556
4 0.389444 0.544444 0.063333 0.066667
4 0.645000 0.706667 0.085556 0.115556
4 0.727778 0.755556 0.046667 0.084444
4 0.162222 0.528889 0.060000 0.062222
4 0.510000 0.307778 0.026667 0.037778
2 0.207222 0.675556 0.056667 0.062222
2 0.370000 0.455556 0.044444 0.088889
2 0.502222 0.593333 0.060000 0.133333
2 0.386111 0.692222 0.041111 0.086667
2 0.336667 0.668889 0.080000 0.075556
0 0.170000 0.620000 0.160000 0.466667
0 0.055556 0.610000 0.111111 0.331111
0 0.302222 0.828889 0.231111 0.342222
0 0.401111 0.703333 0.166667 0.593333
0 0.445000 0.454444 0.087778 0.513333
0 0.512778 0.411111 0.116667 0.355556
0 0.526111 0.701111 0.130000 0.486667
0 0.622778 0.392222 0.116667 0.348889
0 0.631667 0.758889 0.145556 0.477778
0 0.733889 0.764444 0.125556 0.391111
0 0.846667 0.856667 0.097778 0.286667
0 0.933333 0.685556 0.113333 0.473333
0 0.800556 0.525556 0.107778 0.366667
0 0.692222 0.486667 0.108889 0.266667
0 0.743333 0.338889 0.077778 0.251111