1 0.824379 0.183061 0.100162 0.194338
1 0.267414 0.404511 0.093683 0.150672
1 0.349757 0.301823 0.052106 0.131478
1 0.135259 0.255038 0.027538 0.102207
1 0.443305 0.217850 0.045356 0.076775
1 0.548056 0.262476 0.057235 0.083493
1 0.611096 0.205854 0.042927 0.071017
4 0.263229 0.402111 0.052916 0.078695
4 0.820194 0.188580 0.058315 0.090211
2 0.662527 0.716411 0.068575 0.160269
2 0.847867 0.680422 0.065065 0.126679
2 0.366226 0.775912 0.079104 0.070058
2 0.383369 0.327735 0.077214 0.186180
0 0.764309 0.508637 0.265119 0.982726
0 0.255535 0.617322 0.230292 0.758637