4 0.228889 0.224444 0.057778 0.115556
4 0.473889 0.153333 0.067778 0.097778
4 0.638889 0.250000 0.051111 0.086667
4 0.808333 0.250000 0.076667 0.100000
2 0.145556 0.783333 0.086667 0.180000
2 0.316111 0.744444 0.050000 0.217778
2 0.361111 0.675556 0.064444 0.182222
2 0.562222 0.727778 0.091111 0.157778
2 0.715556 0.754444 0.057778 0.202222
2 0.878889 0.777778 0.071111 0.102222
0 0.234444 0.508889 0.233333 0.928889
0 0.447222 0.504444 0.212222 0.977778
0 0.642778 0.521111 0.134444 0.957778
0 0.828889 0.528889 0.204444 0.795556