1 0.523889 0.343333 0.041111 0.095556
1 0.687222 0.334444 0.050000 0.100000
1 0.921111 0.331111 0.066667 0.088889
4 0.399444 0.403333 0.036667 0.051111
4 0.529444 0.352222 0.034444 0.042222
4 0.687222 0.350000 0.034444 0.091111
4 0.927778 0.328889 0.060000 0.044444
2 0.040000 0.093333 0.062222 0.133333
2 0.366667 0.047778 0.066667 0.095556
2 0.389444 0.250000 0.063333 0.060000
2 0.522778 0.202222 0.061111 0.080000
2 0.642778 0.175556 0.036667 0.075556
2 0.718333 0.140000 0.058889 0.080000
2 0.917222 0.093333 0.092222 0.071111
0 0.222222 0.500000 0.393333 1.000000
0 0.402222 0.541111 0.122222 0.753333
0 0.521667 0.508889 0.150000 0.791111
0 0.671667 0.520000 0.138889 0.906667
0 0.913333 0.510000 0.133333 0.891111