4 0.146154 0.238750 0.049231 0.057500
4 0.436923 0.237500 0.055385 0.055000
4 0.606154 0.213750 0.067692 0.077500
4 0.882308 0.232500 0.063077 0.080000
2 0.092308 0.476250 0.107692 0.137500
2 0.250769 0.553750 0.089231 0.167500
2 0.366923 0.440000 0.081538 0.120000
2 0.453077 0.481250 0.050769 0.132500
2 0.650000 0.412500 0.096923 0.145000
2 0.791538 0.605000 0.063077 0.205000
2 0.915385 0.366250 0.076923 0.082500
0 0.143077 0.531250 0.286154 0.912500
0 0.406923 0.522500 0.195385 0.950000
0 0.582308 0.537500 0.176923 0.920000
0 0.876923 0.542500 0.218462 0.910000