2 0.279500 0.805833 0.135000 0.305000
2 0.611500 1.000000 0.095000 0.248333
2 0.766000 0.845000 0.126000 0.286667
2 1.000000 1.000000 0.065000 0.335000
2 1.000000 0.892500 0.130000 0.258333
2 1.000000 1.000000 0.078000 0.341667
2 1.000000 1.000000 0.110000 0.276667
2 1.000000 1.000000 0.098000 0.210000
4 0.372000 0.490833 0.134000 0.218333
4 0.879500 0.623333 0.149000 0.180000
4 1.000000 0.631667 0.134000 0.183333
4 1.000000 0.697500 0.170000 0.195000
1 0.369500 0.435000 0.243000 0.463333
1 0.874500 0.556667 0.227000 0.390000
1 1.000000 0.614167 0.225000 0.341667
1 1.000000 0.664167 0.232000 0.405000
0 0.372000 1.000000 0.602000 1.000000
0 0.858000 1.000000 0.468000 1.000000
0 1.000000 1.000000 0.500000 1.000000
0 1.000000 1.000000 0.534000 1.000000